[ROOM_INFO]
roomid=1001
sensornum=5
alarmtypenum=7
managelevel=1
region_minx=-1.332
region_miny=-4.638
region_maxx=3.896
region_maxy=-1.144

[SENSORS_INFO]
currsensorid=10001
serverPack_10001=-0.9998 0.0144 0.0108 1.0352 0 0.6007 -0.7995 -1.3681 -0.018 -0.7993 -0.6006 2.8908 0 0 0 1
sensor_10001_PointNum=2
sensor_10001_Area_x1=0.28
sensor_10001_Area_y1=-4.307
sensor_10001_Area_x2=2.036
sensor_10001_Area_y2=-2.974
serverPack_10002=0 -0.7598 0.6502 -1.0755 -0.9998 0.0113 0.0132 -2.275 -0.0174 -0.6501 -0.7597 2.9528 0 0 0 1
sensor_10002_PointNum=2
sensor_10002_Area_x1=2.46
sensor_10002_Area_y1=-3.821
sensor_10002_Area_x2=2.811
sensor_10002_Area_y2=-3.491
serverPack_10003=-1 0.006 0.0046 -0.2398 0 0.608 -0.7939 -1.3692 -0.0076 -0.7939 -0.608 2.8745 0 0 0 1
sensor_10003_PointNum=2
sensor_10003_Area_x1=-1.208
sensor_10003_Area_y1=-4.307
sensor_10003_Area_x2=0.28
sensor_10003_Area_y2=-3.046
serverPack_10004=0.9992 -0.03 -0.027 -0.2262 0 -0.6691 0.7432 -4.3838 -0.0404 -0.7426 -0.6685 2.9059 0 0 0 1
sensor_10004_PointNum=2
sensor_10004_Area_x1=-1.073
sensor_10004_Area_y1=-3.046
sensor_10004_Area_x2=0.28
sensor_10004_Area_y2=-1.423
serverPack_10005=0.9993 0.0097 -0.0363 1.2834 0.0349 -0.5969 0.8016 -4.3903 -0.0139 -0.8023 -0.5968 2.8186 0 0 0 1
sensor_10005_PointNum=2
sensor_10005_Area_x1=0.27
sensor_10005_Area_y1=-2.984
sensor_10005_Area_x2=2.036
sensor_10005_Area_y2=-1.423

[ALARM_INFO_1]
alarmtypeid=1
sensornum=2
sensorid1=10001
sensorid2=10003
areanum=1
area1_PointNum=2
area1_x1=-0.877
area1_y1=-4.018
area1_x2=1.716
area1_y2=-3.294
checktimenum=1
time1_start_h=10
time1_start_m=0
time1_end_h=12
time1_end_m=0
triggerduration=0
maximumheight=3

[ALARM_INFO_2]
alarmtypeid=2
sensornum=2
sensorid1=10004
sensorid2=10005
areanum=1
area1_PointNum=2
area1_x1=-0.557
area1_y1=-2.333
area1_x2=1.478
area1_y2=-1.537
checktimenum=1
time1_start_h=0
time1_start_m=0
time1_end_h=23
time1_end_m=59
triggerduration=0
maximumheight=3

[ALARM_INFO_3]
alarmtypeid=4
sensornum=1
sensorid1=10004
areanum=1
area1_PointNum=2
area1_x1=-0.991
area1_y1=-2.261
area1_x2=-0.175
area1_y2=-1.578
checktimenum=1
time1_start_h=0
time1_start_m=0
time1_end_h=23
time1_end_m=59
triggerduration=0
maximumheight=3

[ALARM_INFO_4]
alarmtypeid=16
sensornum=4
sensorid1=10001
sensorid2=10003
sensorid3=10004
sensorid4=10005
areanum=1
area1_PointNum=2
area1_x1=-0.991
area1_y1=-4.09
area1_x2=1.933
area1_y2=-1.506
checktimenum=1
time1_start_h=0
time1_start_m=0
time1_end_h=23
time1_end_m=59
triggerduration=0
maximumheight=1.5

[ALARM_INFO_5]
alarmtypeid=32
sensornum=2
sensorid1=10001
sensorid2=10003
areanum=1
area1_PointNum=2
area1_x1=-0.867
area1_y1=-4.028
area1_x2=1.747
area1_y2=-3.222
checktimenum=1
time1_start_h=14
time1_start_m=0
time1_end_h=20
time1_end_m=0
triggerduration=0
maximumheight=3

[ALARM_INFO_6]
alarmtypeid=512
sensornum=4
sensorid1=10001
sensorid2=10003
sensorid3=10004
sensorid4=10005
areanum=1
area1_PointNum=2
area1_x1=-1.259
area1_y1=-4.483
area1_x2=2.057
area1_y2=-1.258
checktimenum=1
time1_start_h=0
time1_start_m=0
time1_end_h=23
time1_end_m=59
triggerduration=0
maximumheight=3

[ALARM_INFO_7]
alarmtypeid=16384
sensornum=0
areanum=0
checktimenum=0
triggerduration=0
maximumheight=3

[OTHER]
personthreshold=1
