[ROOM_INFO]
roomid=1001
sensornum=8
alarmtypenum=5
managelevel=1
region_minx=-0.39
region_miny=-0.405
region_maxx=12.524
region_maxy=6.744

[SENSORS_INFO]
currsensorid=10001
serverPack_10001=1 0.0036 0.0085 10.4685 0 -0.923 0.3848 3.5364 0.0092 -0.3848 -0.9229 4.252 0 0 0 1
sensor_10001_PointNum=2
sensor_10001_Area_x1=8.837
sensor_10001_Area_y1=3.552
sensor_10001_Area_x2=12.161
sensor_10001_Area_y2=6.228
serverPack_10002=0.9997 0.0083 -0.0232 7.4664 0.0174 -0.9022 0.4309 3.5632 -0.0174 -0.4312 -0.9021 4.2782 0 0 0 1
sensor_10002_PointNum=2
sensor_10002_Area_x1=6.182
sensor_10002_Area_y1=3.533
sensor_10002_Area_x2=8.837
sensor_10002_Area_y2=6.305
serverPack_10003=0.9996 -0.01 -0.0253 4.4832 0 -0.9299 0.3678 3.6082 -0.0272 -0.3676 -0.9296 4.2809 0 0 0 1
sensor_10003_PointNum=2
sensor_10003_Area_x1=3.278
sensor_10003_Area_y1=3.533
sensor_10003_Area_x2=6.163
sensor_10003_Area_y2=6.305
serverPack_10004=1 -0.0006 -0.0015 1.3709 0 -0.9179 0.3968 3.5325 -0.0016 -0.3968 -0.9179 4.2925 0 0 0 1
sensor_10004_PointNum=2
sensor_10004_Area_x1=-0.007
sensor_10004_Area_y1=3.552
sensor_10004_Area_x2=3.259
sensor_10004_Area_y2=6.343
serverPack_10005=0.9995 0.0141 0.0275 1.4099 0 -0.8899 0.4562 -0.0403 0.0308 -0.456 -0.8895 4.6543 0 0 0 1
sensor_10005_PointNum=2
sensor_10005_Area_x1=0.031
sensor_10005_Area_y1=-0.004
sensor_10005_Area_x2=3.317
sensor_10005_Area_y2=3.322
serverPack_10006=1 -0.0009 -0.0019 4.4636 0 -0.9053 0.4247 -0.0223 -0.0021 -0.4247 -0.9053 4.6781 0 0 0 1
sensor_10006_PointNum=2
sensor_10006_Area_x1=3.259
sensor_10006_Area_y1=-0.061
sensor_10006_Area_x2=6.201
sensor_10006_Area_y2=3.303
serverPack_10007=1 -0.0007 -0.0015 7.4701 0 -0.9041 0.4274 -0.0197 -0.0017 -0.4274 -0.9041 4.7049 0 0 0 1
sensor_10007_PointNum=2
sensor_10007_Area_x1=6.163
sensor_10007_Area_y1=-0.138
sensor_10007_Area_x2=8.856
sensor_10007_Area_y2=3.322
serverPack_10008=0.9995 0.013 0.0283 10.3867 0 -0.9086 0.4176 -0.059 0.0311 -0.4174 -0.9082 4.7257 0 0 0 1
sensor_10008_PointNum=2
sensor_10008_Area_x1=8.856
sensor_10008_Area_y1=-0.119
sensor_10008_Area_x2=11.894
sensor_10008_Area_y2=3.495

[ALARM_INFO_1]
alarmtypeid=2
sensornum=4
sensorid1=10005
sensorid2=10006
sensorid3=10007
sensorid4=10008
areanum=1
area1_PointNum=2
area1_x1=0.107
area1_y1=1.564
area1_x2=11.76
area1_y2=3.131
checktimenum=3
time1_start_h=22
time1_start_m=0
time1_end_h=23
time1_end_m=59
time2_start_h=0
time2_start_m=0
time2_end_h=6
time2_end_m=0
time3_start_h=12
time3_start_m=30
time3_end_h=13
time3_end_m=30
triggerduration=0
maximumheight=3

[ALARM_INFO_2]
alarmtypeid=4
sensornum=2
sensorid1=10004
sensorid2=10005
areanum=2
area1_PointNum=2
area1_x1=0.05
area1_y1=3.647
area1_x2=1.693
area1_y2=4.737
area2_PointNum=2
area2_x1=0.088
area2_y1=2.443
area2_x2=1.597
area2_y2=3.342
checktimenum=1
time1_start_h=0
time1_start_m=0
time1_end_h=23
time1_end_m=59
triggerduration=0
maximumheight=3

[ALARM_INFO_3]
alarmtypeid=16
sensornum=8
sensorid1=10001
sensorid2=10002
sensorid3=10003
sensorid4=10004
sensorid5=10005
sensorid6=10006
sensorid7=10007
sensorid8=10008
areanum=2
area1_PointNum=2
area1_x1=0.203
area1_y1=0.073
area1_x2=11.684
area1_y2=3.112
area2_PointNum=2
area2_x1=0.26
area2_y1=3.972
area2_x2=11.665
area2_y2=6.114
checktimenum=1
time1_start_h=0
time1_start_m=0
time1_end_h=23
time1_end_m=59
triggerduration=0
maximumheight=2.4

[ALARM_INFO_4]
alarmtypeid=512
sensornum=8
sensorid1=10001
sensorid2=10002
sensorid3=10003
sensorid4=10004
sensorid5=10005
sensorid6=10006
sensorid7=10007
sensorid8=10008
areanum=2
area1_PointNum=2
area1_x1=0.05
area1_y1=0.015
area1_x2=11.875
area1_y2=3.571
area2_PointNum=2
area2_x1=0.05
area2_y1=3.647
area2_x2=12.085
area2_y2=6.362
checktimenum=1
time1_start_h=0
time1_start_m=0
time1_end_h=23
time1_end_m=59
triggerduration=0
maximumheight=3

[ALARM_INFO_5]
alarmtypeid=16384
sensornum=0
areanum=0
checktimenum=0
triggerduration=0
maximumheight=3

[OTHER]
personthreshold=3
