[ROOM_INFO]
roomid=1001
sensornum=5
alarmtypenum=7
managelevel=1
region_minx=-1.339
region_miny=-4.635
region_maxx=3.893
region_maxy=-1.145

[SENSORS_INFO]
currsensorid=10004
serverPack_10001=-0.9998 0.0144 0.0108 1.0352 0 0.6007 -0.7995 -1.3681 -0.018 -0.7993 -0.6006 2.8908 0 0 0 1
sensor_10001_PointNum=2
sensor_10001_Area_x1=0.283
sensor_10001_Area_y1=-4.309
sensor_10001_Area_x2=2.047
sensor_10001_Area_y2=-2.972
serverPack_10002=0 -0.7598 0.6502 -1.0755 -0.9998 0.0113 0.0132 -2.275 -0.0174 -0.6501 -0.7597 2.9528 0 0 0 1
sensor_10002_PointNum=2
sensor_10002_Area_x1=2.455
sensor_10002_Area_y1=-3.829
sensor_10002_Area_x2=2.822
sensor_10002_Area_y2=-3.492
serverPack_10003=-1 0.006 0.0046 -0.2398 0 0.608 -0.7939 -1.3692 -0.0076 -0.7939 -0.608 2.8745 0 0 0 1
sensor_10003_PointNum=2
sensor_10003_Area_x1=-1.206
sensor_10003_Area_y1=-4.309
sensor_10003_Area_x2=0.283
sensor_10003_Area_y2=-3.043
serverPack_10004=0.9992 -0.03 -0.027 -0.2262 0 -0.6691 0.7432 -4.3838 -0.0404 -0.7426 -0.6685 2.9059 0 0 0 1
sensor_10004_PointNum=2
sensor_10004_Area_x1=-1.074
sensor_10004_Area_y1=-3.043
sensor_10004_Area_x2=0.283
sensor_10004_Area_y2=-1.421
serverPack_10005=0.9993 0.0097 -0.0363 1.2834 0.0349 -0.5969 0.8016 -4.3903 -0.0139 -0.8023 -0.5968 2.8186 0 0 0 1
sensor_10005_PointNum=2
sensor_10005_Area_x1=0.272
sensor_10005_Area_y1=-2.982
sensor_10005_Area_x2=2.047
sensor_10005_Area_y2=-1.421

[ALARM_INFO_1]
alarmtypeid=1
sensornum=2
sensorid1=10001
sensorid2=10003
areanum=1
area1_PointNum=2
area1_x1=-0.931
area1_y1=-4.064
area1_x2=1.782
area1_y2=-3.135
checktimenum=1
time1_start_h=9
time1_start_m=0
time1_end_h=22
time1_end_m=0
triggerduration=0
maximumheight=3

[ALARM_INFO_2]
alarmtypeid=2
sensornum=2
sensorid1=10004
sensorid2=10005
areanum=1
area1_PointNum=2
area1_x1=-0.564
area1_y1=-2.339
area1_x2=1.486
area1_y2=-1.533
checktimenum=1
time1_start_h=0
time1_start_m=0
time1_end_h=23
time1_end_m=59
triggerduration=0
maximumheight=3

[ALARM_INFO_3]
alarmtypeid=4
sensornum=2
sensorid1=10004
sensorid2=10005
areanum=1
area1_PointNum=2
area1_x1=-1.033
area1_y1=-2.533
area1_x2=0.17
area1_y2=-1.574
checktimenum=1
time1_start_h=0
time1_start_m=0
time1_end_h=23
time1_end_m=59
triggerduration=0
maximumheight=3

[ALARM_INFO_4]
alarmtypeid=16
sensornum=4
sensorid1=10001
sensorid2=10003
sensorid3=10004
sensorid4=10005
areanum=1
area1_PointNum=2
area1_x1=-0.992
area1_y1=-4.094
area1_x2=1.924
area1_y2=-1.512
checktimenum=1
time1_start_h=0
time1_start_m=0
time1_end_h=23
time1_end_m=59
triggerduration=0
maximumheight=1.5

[ALARM_INFO_5]
alarmtypeid=32
sensornum=2
sensorid1=10001
sensorid2=10003
areanum=1
area1_PointNum=2
area1_x1=-0.931
area1_y1=-4.053
area1_x2=1.792
area1_y2=-3.094
checktimenum=1
time1_start_h=9
time1_start_m=0
time1_end_h=20
time1_end_m=0
triggerduration=0
maximumheight=3

[ALARM_INFO_6]
alarmtypeid=512
sensornum=4
sensorid1=10001
sensorid2=10003
sensorid3=10004
sensorid4=10005
areanum=1
area1_PointNum=2
area1_x1=-1.257
area1_y1=-4.482
area1_x2=2.057
area1_y2=-1.257
checktimenum=1
time1_start_h=0
time1_start_m=0
time1_end_h=23
time1_end_m=59
triggerduration=0
maximumheight=3

[ALARM_INFO_7]
alarmtypeid=16384
sensornum=0
areanum=0
checktimenum=0
triggerduration=0
maximumheight=3

[OTHER]
personthreshold=1
